正义联盟 20180930180000 35.50 100
复仇者联盟4 20181002200000 30.00 100
沙赞 20181001183000 30.00 100
疯狂的外星人 20180930180000 35.50 100
海王 20180930180000 35.50 100
神奇女侠 20181002200000 30.00 100
战狼2 20181001183000 30.00 100
情圣2 20180930180000 35.50 100
碟中谍6 20180930180000 35.50 100
我不是药神 20180930180000 35.50 100
影 20181002200000 30.00 100
黑豹 20181001183000 30.00 100
李茶的姑妈 20180930180000 35.50 100
西红柿首富 20180930180000 35.50 100
狄仁杰之四大天王 20181002200000 30.00 100
蚁人2 20181001183000 30.00 100
猛虫过江 20180930180000 35.50 100
美人鱼 20180930180000 35.50 100
天台爱情 20180919184000 35.50 100